39490
99255
35336
95116
99057
65902
1767
17360
85596
78567
89867
34171
25068
43771
35071
57695
94969
90793
21919
24227
84824
89571
70529
14374
75743
52585
59694
6162
86941
97513
47257
95631
50827
16024
87772
13677
27260
2241
7467
25688
72357
10845
8198
20374
98397
89444
23322
60464
54097
40534
27453
77306
28716
71656
81721
84473
63679
36113
66766
24623
22709
61557
6905
9153
92432
45657
84329
76480
35090
78126
56827
71073
10591
93810
60059
51075
12440
75761
10316
35447
11207
39311
3979
47705
53797
70853
79243
97939
55597
65100
77068
18214
59804
91307
48756
77927
90793
53225
98316
5270
19762
38495
87186
56832
70686
76075
9607
11713
71356
97464
21721
371
38807
41853
1317
42515
75651
44165
32199
80144
12029
65234
34070
25338
90662
20385
60658
48633
53553
11630
15078
46238
43540
20777
79887
1742
59278
81434
11270
83118
22455
81642
31360
77297
54025
61817
64147
45039
66363
32275
48392
75630
75842
4800
7000
6255
16297
63848
8006
19558
12222
560
33766
46322
89779
60192
31865
32634
26134
45536
70934
87272
38237
95016
24118
6049
12131
89833
74961
55256
40249
89988
62300
59168
14605
25658
57026
96914
19077
75699
20048
65927
46502
77506
26958
76730
70974
33252
24150
26966
7079
39459
29161
18657
57923
80209
23385
61018
57
30185
34184
42414
46008
15385
80738
38406
42282
59341
92648
39027
92224
71934
49325
51274
10459
25525
60255
70193
25692
24285
43484
3090
7204
41157
47396
21929
51135
60365
84210
32764
75164
43392
90899
8285
48224
39815
66689
23792
5727
39238
97104
52426
14007
72934
54269
73964
31209
49308
45123
61500
86530
87069
33939
13167
98939
89066
72829
91670
98051
26948
63813
29355
42649
62039
36948
59348
38742
71578
62649
91497
73237
97160
54876
60180
36425
30289
99737
7942
30880
57775
89241
72235
26582
56234
30179
21329
93257
99090
81868
11862
11906
66617
78723
17769
33123
37545
59140
5545
73203
81122
88237
27084
53861
8234
26983
82550
28715
49054
81973
63051
23341
80122
59662
9953
34398
39950
51345
76149
20995
85740
22367
57052
80953
78383
61248
31795
240
4668
77858
3446
98135
57746
68742
13109
54756
55473
64358
94178
73435
9660
15412
72277
42534
12748
73038
98093
87623
42576
43528
97449
96628
19820
32125
34769
28895
95611
42173
96247
62387
27170
665
87823
78135
94984
64419
21477
31805
4424
3919
40246
71399
47674
43522
8718
9255
79936
37955
62226
1746
8670
76455
29592
28255
44649
67407
88839
69590
85730
98326
72229
205
57194
85408
9354
37061
32702
70320
34791
59321
45172
35247
2621
58939
19729
63394
62326
13658
69534
77304
51608
29005
63126
43025
57984
96642
3519
11414
2549
26795
68081
1663
44542
88047
99465
59544
79935
67257
83481
96032
32520
21807
99922
24375
22318
76046
45749
42788
74123
54622
34700
42671
94478
7636
15727
47001
42946
63356
96380
37429
26561
98354
68188
5878
6688
53456
95541
38849
44768
83610
94620
85367
45074
20622
22356
91712
47534
13115
55950
91919
48786
97016
36780
94603
18261
63614
88609
34920
96350
33916
86644
90910
64503
64707
51504
63498
3592
65715
57813
21136
91334
3341
16659
48992
76772
4494
83288
50030
54797
70341
59819
95285
62702
97790
7508
53100
75990
35479
19568
62181
32487
50404
2957
30142
23839
69813
45998
36876
41083
27614
60554
20696
9897
50341
80614
51396
94082
74657
73706
20423
17120
81138
38239
50412
16252
62165
8769
20937
1518
72315
99920
74480
40200
14315
36441
68746
52222
36056
539
44381
90634
40570
69986
79763
89344
15971
87468
18025
19496
59927
2868
1119
44058
18308
76006
54051
26346
63318
16153
58315
60383
99840
50091
50572
18816
94566
52937
50956
92671
5239
47414
86701
39857
72496
19493
72024
69282
98971
18841
62331
25552
99
23278
37702
92433
36140
49624
70500
20094
32794
11177
96823
85860
42979
69518
43898
45903
15217
99966
79572
54595
15233
63249
34969
14224
8312
74522
19033
29206
4787
29272
52156
96132
89077
14221
35687
91487
20186
17372
90378
80790
80306
8144
9514
56753
68986
87862
22827
82208
5677
56896
96569
58964
67503
47899
3371
81899
33195
176
98053
91488
20111
12041
4180
91946
45564
7454
91078
19192
69256
11907
19051
89921
2105
14972
48949
40454
87117
23239
177
16166
97267
1689
90660
58350
61875
13547
77099
73597
85234
78848
51065
58335
41038
74961
39310
5470
34758
25805
13245
85774
96772
58994
53173
64050
139
85115
82559
26587
342
18202
66155
77518
87281
13350
47343
1055
94536
89979
52311
25443
61784
58981
20649
70419
50073
25828
86474
82167
52460
98914
55985
38837
96210
36887
39672
1736
72560
30035
55045
14694
1025
48754
71550
88208
5104
20482
4833
95722
56296
52321
73869
30219
83787
210
11042
63447
4596
50350
7089
63575
50451
37774
76968
28962
27206
64863
39927
98802
41890
11762
46297
62705
75894
10839
82611
72561
24176
17778
111
76646
17218
9755
57547
21675
93692
88339
40185
85394
18396
33536
1197
71085
35376
97678
54350
22912
20149
66085
18929
47789
37747
39004
69928
10954
7229
67108
27367
35086
51253
21689
55101
87487
37788
67464
15589
81062
48748
49991
27158
55655
58689
25149
61880
89451
67168
69514
93551
41551
95692
20775
81044
54929
48754
4238
31593
79195
73640
79510
3870
27724
42516
41338
96342
76008
56728
12022
81536
89354
73300
38328
3056
46537
19782
12601
15386
11314
2983
88758
70488
24162
57985
66215
59261
40242
34347
78681
11868
9295
89552
91385
80238
95953
92835
72028
54347
78911
7142
23787
41699
87959
93138
61837
82044
39800
20407
89245
29477
3292
19544
60290
43213
88106
10740
68253
15313
44995
24437
11374
55679
29204
80696
71842
28565
23583
32044
21676
8867
73424
53792
66932
72828
37762
94553
12393
16164
82677
15166
60409
46105
57177
22499
44468
66953
8464
97238
10675
82765
72824
97185
60321
56888
22617
4158
70687
44765
4670
57313
9339
8562
12637
1431
21595
80987
94725
19558
47379
19986
67809
65633
84882
92813
77298
43349
85266
2904
30822
92530
71867
75619
50760
27472
78624
76068
30832
42268
884
66562
65890
2100
64138
22950
51551
63644
21503
54004
20920
20180
32703
17041
13075
40205
20502
86383
34814
24497
51900
79939
74643
17250
32142
26766
76137
32217
63104
82200
67332
64817
46156
7833
61633
